Nuclear Repulsion Energy is 190.2693896 eV.
Electron Energy is -728.2915612 eV.
  Suv_RA
        0        0        0        0        0        0        0        0        0        0  -0.2180  -0.2180        0        0        0        0        0        0        0        0        0        0        0        0        0   0.2180        0        0        0        0        0   0.2180        0        0        0        0
        0        0        0        0   0.2743  -0.2743        0        0        0        0        0        0        0        0        0        0   0.0322   0.0322        0        0        0        0  -0.1947   0.1947  -0.2743        0  -0.0322   0.1947        0  -0.1925   0.2743        0  -0.0322  -0.1947   0.1925        0
        0        0        0        0  -0.2134  -0.2134        0        0        0        0        0        0        0        0        0        0  -0.1947   0.1947        0        0        0        0  -0.0665  -0.0665   0.2134        0   0.1947   0.0665        0        0   0.2134        0  -0.1947   0.0665        0        0
gammaAB_RA
        0        0        0        0        0        0        0        0        0
        0   4.0914  -4.0914  -4.0914        0  -2.9559   4.0914   2.9559        0
        0  -3.1833  -3.1833   3.1833        0        0   3.1833        0        0
gradient_nuclear
         0         0         0
         0  -42.8187   42.8187
  -61.4244   30.7122   30.7122
gradient_electronic
   1.2169e-15  -1.1739e-15  -4.2990e-17
   4.7740e-15   3.9477e+01  -3.9477e+01
   5.6551e+01  -2.8276e+01  -2.8276e+01
gradient
   1.2169e-15  -1.1739e-15  -4.2990e-17
   4.7740e-15  -3.3416e+00   3.3416e+00
  -4.8730e+00   2.4365e+00   2.4365e+00
